
 **** DERIVATIVE DATABASE ****    
+DDB, Version number  20230401

  Note : temporary (transfer) database

    usepaw         0
     natom        32
      nkpt         4
    nsppol         1
      nsym        64
    ntypat         2
    occopt         1
     nband       100
     acell  0.10000000000000D+01  0.10000000000000D+01  0.10000000000000D+01
       amu  0.14006740000000D+02  0.35968724500000D+02
   dilatmx  0.10500000000000D+01
      ecut  0.30000000000000D+02
    ecutsm  0.00000000000000D+00
     intxc         0
      iscf         7
       ixc     -1012
       kpt  0.00000000000000D+00  0.00000000000000D+00  0.25000000000000D+00
            0.33333333333333D+00  0.00000000000000D+00  0.25000000000000D+00
            0.00000000000000D+00  0.33333333333333D+00  0.25000000000000D+00
            0.33333333333333D+00  0.33333333333333D+00  0.25000000000000D+00
    kptnrm  0.10000000000000D+01
     ngfft        64   60  100
    nspden         1
   nspinor         1
       occ  0.20000000000000D+01  0.20000000000000D+01  0.20000000000000D+01
            0.20000000000000D+01  0.20000000000000D+01  0.20000000000000D+01
            0.20000000000000D+01  0.20000000000000D+01  0.20000000000000D+01
            0.20000000000000D+01  0.20000000000000D+01  0.20000000000000D+01
            0.20000000000000D+01  0.20000000000000D+01  0.20000000000000D+01
            0.20000000000000D+01  0.20000000000000D+01  0.20000000000000D+01
            0.20000000000000D+01  0.20000000000000D+01  0.20000000000000D+01
            0.20000000000000D+01  0.20000000000000D+01  0.20000000000000D+01
            0.20000000000000D+01  0.20000000000000D+01  0.20000000000000D+01
            0.20000000000000D+01  0.20000000000000D+01  0.20000000000000D+01
            0.20000000000000D+01  0.20000000000000D+01  0.20000000000000D+01
            0.20000000000000D+01  0.20000000000000D+01  0.20000000000000D+01
            0.20000000000000D+01  0.20000000000000D+01  0.20000000000000D+01
            0.20000000000000D+01  0.20000000000000D+01  0.20000000000000D+01
            0.20000000000000D+01  0.20000000000000D+01  0.20000000000000D+01
            0.20000000000000D+01  0.20000000000000D+01  0.20000000000000D+01
            0.20000000000000D+01  0.20000000000000D+01  0.20000000000000D+01
            0.20000000000000D+01  0.20000000000000D+01  0.20000000000000D+01
            0.20000000000000D+01  0.20000000000000D+01  0.20000000000000D+01
            0.20000000000000D+01  0.20000000000000D+01  0.20000000000000D+01
            0.20000000000000D+01  0.20000000000000D+01  0.20000000000000D+01
            0.20000000000000D+01  0.20000000000000D+01  0.20000000000000D+01
            0.20000000000000D+01  0.20000000000000D+01  0.20000000000000D+01
            0.20000000000000D+01  0.20000000000000D+01  0.20000000000000D+01
            0.20000000000000D+01  0.20000000000000D+01  0.20000000000000D+01
            0.20000000000000D+01  0.20000000000000D+01  0.20000000000000D+01
            0.20000000000000D+01  0.20000000000000D+01  0.20000000000000D+01
            0.20000000000000D+01  0.20000000000000D+01  0.20000000000000D+01
            0.20000000000000D+01  0.20000000000000D+01  0.20000000000000D+01
            0.20000000000000D+01  0.20000000000000D+01  0.20000000000000D+01
            0.20000000000000D+01  0.20000000000000D+01  0.20000000000000D+01
            0.20000000000000D+01  0.20000000000000D+01  0.20000000000000D+01
            0.00000000000000D+00  0.00000000000000D+00  0.00000000000000D+00
            0.00000000000000D+00
     rprim  0.11824356512000D+02  0.00000000000000D+00  0.00000000000000D+00
            0.00000000000000D+00  0.10240180205000D+02  0.00000000000000D+00
            0.00000000000000D+00  0.00000000000000D+00  0.18961341859000D+02
  dfpt_sciss  0.00000000000000D+00
    spinat  0.00000000000000D+00  0.00000000000000D+00  0.00000000000000D+00
            0.00000000000000D+00  0.00000000000000D+00  0.00000000000000D+00
            0.00000000000000D+00  0.00000000000000D+00  0.00000000000000D+00
            0.00000000000000D+00  0.00000000000000D+00  0.00000000000000D+00
            0.00000000000000D+00  0.00000000000000D+00  0.00000000000000D+00
            0.00000000000000D+00  0.00000000000000D+00  0.00000000000000D+00
            0.00000000000000D+00  0.00000000000000D+00  0.00000000000000D+00
            0.00000000000000D+00  0.00000000000000D+00  0.00000000000000D+00
            0.00000000000000D+00  0.00000000000000D+00  0.00000000000000D+00
            0.00000000000000D+00  0.00000000000000D+00  0.00000000000000D+00
            0.00000000000000D+00  0.00000000000000D+00  0.00000000000000D+00
            0.00000000000000D+00  0.00000000000000D+00  0.00000000000000D+00
            0.00000000000000D+00  0.00000000000000D+00  0.00000000000000D+00
            0.00000000000000D+00  0.00000000000000D+00  0.00000000000000D+00
            0.00000000000000D+00  0.00000000000000D+00  0.00000000000000D+00
            0.00000000000000D+00  0.00000000000000D+00  0.00000000000000D+00
            0.00000000000000D+00  0.00000000000000D+00  0.00000000000000D+00
            0.00000000000000D+00  0.00000000000000D+00  0.00000000000000D+00
            0.00000000000000D+00  0.00000000000000D+00  0.00000000000000D+00
            0.00000000000000D+00  0.00000000000000D+00  0.00000000000000D+00
            0.00000000000000D+00  0.00000000000000D+00  0.00000000000000D+00
            0.00000000000000D+00  0.00000000000000D+00  0.00000000000000D+00
            0.00000000000000D+00  0.00000000000000D+00  0.00000000000000D+00
            0.00000000000000D+00  0.00000000000000D+00  0.00000000000000D+00
            0.00000000000000D+00  0.00000000000000D+00  0.00000000000000D+00
            0.00000000000000D+00  0.00000000000000D+00  0.00000000000000D+00
            0.00000000000000D+00  0.00000000000000D+00  0.00000000000000D+00
            0.00000000000000D+00  0.00000000000000D+00  0.00000000000000D+00
            0.00000000000000D+00  0.00000000000000D+00  0.00000000000000D+00
            0.00000000000000D+00  0.00000000000000D+00  0.00000000000000D+00
            0.00000000000000D+00  0.00000000000000D+00  0.00000000000000D+00
            0.00000000000000D+00  0.00000000000000D+00  0.00000000000000D+00
    symafm         1    1    1    1    1    1    1    1    1    1    1    1
                   1    1    1    1    1    1    1    1    1    1    1    1
                   1    1    1    1    1    1    1    1    1    1    1    1
                   1    1    1    1    1    1    1    1    1    1    1    1
                   1    1    1    1    1    1    1    1    1    1    1    1
                   1    1    1    1
    symrel         1    0    0    0    1    0    0    0    1
                   1    0    0    0    1    0    0    0    1
                   1    0    0    0    1    0    0    0    1
                   1    0    0    0    1    0    0    0    1
                   1    0    0    0    1    0    0    0    1
                   1    0    0    0    1    0    0    0    1
                   1    0    0    0    1    0    0    0    1
                   1    0    0    0    1    0    0    0    1
                  -1    0    0    0   -1    0    0    0   -1
                  -1    0    0    0   -1    0    0    0   -1
                  -1    0    0    0   -1    0    0    0   -1
                  -1    0    0    0   -1    0    0    0   -1
                  -1    0    0    0   -1    0    0    0   -1
                  -1    0    0    0   -1    0    0    0   -1
                  -1    0    0    0   -1    0    0    0   -1
                  -1    0    0    0   -1    0    0    0   -1
                  -1    0    0    0    1    0    0    0   -1
                  -1    0    0    0    1    0    0    0   -1
                  -1    0    0    0    1    0    0    0   -1
                  -1    0    0    0    1    0    0    0   -1
                  -1    0    0    0    1    0    0    0   -1
                  -1    0    0    0    1    0    0    0   -1
                  -1    0    0    0    1    0    0    0   -1
                  -1    0    0    0    1    0    0    0   -1
                   1    0    0    0   -1    0    0    0    1
                   1    0    0    0   -1    0    0    0    1
                   1    0    0    0   -1    0    0    0    1
                   1    0    0    0   -1    0    0    0    1
                   1    0    0    0   -1    0    0    0    1
                   1    0    0    0   -1    0    0    0    1
                   1    0    0    0   -1    0    0    0    1
                   1    0    0    0   -1    0    0    0    1
                  -1    0    0    0   -1    0    0    0    1
                  -1    0    0    0   -1    0    0    0    1
                  -1    0    0    0   -1    0    0    0    1
                  -1    0    0    0   -1    0    0    0    1
                  -1    0    0    0   -1    0    0    0    1
                  -1    0    0    0   -1    0    0    0    1
                  -1    0    0    0   -1    0    0    0    1
                  -1    0    0    0   -1    0    0    0    1
                   1    0    0    0    1    0    0    0   -1
                   1    0    0    0    1    0    0    0   -1
                   1    0    0    0    1    0    0    0   -1
                   1    0    0    0    1    0    0    0   -1
                   1    0    0    0    1    0    0    0   -1
                   1    0    0    0    1    0    0    0   -1
                   1    0    0    0    1    0    0    0   -1
                   1    0    0    0    1    0    0    0   -1
                   1    0    0    0   -1    0    0    0   -1
                   1    0    0    0   -1    0    0    0   -1
                   1    0    0    0   -1    0    0    0   -1
                   1    0    0    0   -1    0    0    0   -1
                   1    0    0    0   -1    0    0    0   -1
                   1    0    0    0   -1    0    0    0   -1
                   1    0    0    0   -1    0    0    0   -1
                   1    0    0    0   -1    0    0    0   -1
                  -1    0    0    0    1    0    0    0    1
                  -1    0    0    0    1    0    0    0    1
                  -1    0    0    0    1    0    0    0    1
                  -1    0    0    0    1    0    0    0    1
                  -1    0    0    0    1    0    0    0    1
                  -1    0    0    0    1    0    0    0    1
                  -1    0    0    0    1    0    0    0    1
                  -1    0    0    0    1    0    0    0    1
     tnons  0.00000000000000D+00  0.00000000000000D+00  0.00000000000000D+00
            0.00000000000000D+00  0.00000000000000D+00  0.50000000000000D+00
            0.00000000000000D+00  0.50000000000000D+00  0.00000000000000D+00
            0.00000000000000D+00  0.50000000000000D+00  0.50000000000000D+00
            0.50000000000000D+00 -0.25000000000000D+00  0.00000000000000D+00
            0.50000000000000D+00 -0.25000000000000D+00  0.50000000000000D+00
            0.50000000000000D+00  0.25000000000000D+00  0.00000000000000D+00
            0.50000000000000D+00  0.25000000000000D+00  0.50000000000000D+00
            0.49995563244920D-11  0.50000000000000D+00  0.25000000000000D+00
            0.49995563244920D-11  0.50000000000000D+00 -0.25000000000000D+00
            0.49995563244920D-11  0.00000000000000D+00  0.25000000000000D+00
            0.49995563244920D-11  0.00000000000000D+00 -0.25000000000000D+00
            0.50000000000500D+00  0.25000000000000D+00  0.25000000000000D+00
            0.50000000000500D+00  0.25000000000000D+00 -0.25000000000000D+00
            0.50000000000500D+00 -0.25000000000000D+00  0.25000000000000D+00
            0.50000000000500D+00 -0.25000000000000D+00 -0.25000000000000D+00
            0.49995563244920D-11  0.00000000000000D+00  0.25000000000000D+00
            0.49995563244920D-11  0.00000000000000D+00 -0.25000000000000D+00
            0.49995563244920D-11  0.50000000000000D+00  0.25000000000000D+00
            0.49995563244920D-11  0.50000000000000D+00 -0.25000000000000D+00
            0.50000000000500D+00 -0.25000000000000D+00  0.25000000000000D+00
            0.50000000000500D+00 -0.25000000000000D+00 -0.25000000000000D+00
            0.50000000000500D+00  0.25000000000000D+00  0.25000000000000D+00
            0.50000000000500D+00  0.25000000000000D+00 -0.25000000000000D+00
            0.00000000000000D+00  0.50000000000000D+00  0.00000000000000D+00
            0.00000000000000D+00  0.50000000000000D+00  0.50000000000000D+00
            0.00000000000000D+00  0.00000000000000D+00  0.00000000000000D+00
            0.00000000000000D+00  0.00000000000000D+00  0.50000000000000D+00
            0.50000000000000D+00  0.25000000000000D+00  0.00000000000000D+00
            0.50000000000000D+00  0.25000000000000D+00  0.50000000000000D+00
            0.50000000000000D+00 -0.25000000000000D+00  0.00000000000000D+00
            0.50000000000000D+00 -0.25000000000000D+00  0.50000000000000D+00
            0.49995563244920D-11  0.50000000000000D+00  0.25000000000000D+00
            0.49995563244920D-11  0.50000000000000D+00 -0.25000000000000D+00
            0.49995563244920D-11  0.00000000000000D+00  0.25000000000000D+00
            0.49995563244920D-11  0.00000000000000D+00 -0.25000000000000D+00
            0.50000000000500D+00  0.25000000000000D+00  0.25000000000000D+00
            0.50000000000500D+00  0.25000000000000D+00 -0.25000000000000D+00
            0.50000000000500D+00 -0.25000000000000D+00  0.25000000000000D+00
            0.50000000000500D+00 -0.25000000000000D+00 -0.25000000000000D+00
            0.00000000000000D+00  0.00000000000000D+00  0.00000000000000D+00
            0.00000000000000D+00  0.00000000000000D+00  0.50000000000000D+00
            0.00000000000000D+00  0.50000000000000D+00  0.00000000000000D+00
            0.00000000000000D+00  0.50000000000000D+00  0.50000000000000D+00
            0.50000000000000D+00 -0.25000000000000D+00  0.00000000000000D+00
            0.50000000000000D+00 -0.25000000000000D+00  0.50000000000000D+00
            0.50000000000000D+00  0.25000000000000D+00  0.00000000000000D+00
            0.50000000000000D+00  0.25000000000000D+00  0.50000000000000D+00
            0.00000000000000D+00  0.50000000000000D+00  0.00000000000000D+00
            0.00000000000000D+00  0.50000000000000D+00  0.50000000000000D+00
            0.00000000000000D+00  0.00000000000000D+00  0.00000000000000D+00
            0.00000000000000D+00  0.00000000000000D+00  0.50000000000000D+00
            0.50000000000000D+00  0.25000000000000D+00  0.00000000000000D+00
            0.50000000000000D+00  0.25000000000000D+00  0.50000000000000D+00
            0.50000000000000D+00 -0.25000000000000D+00  0.00000000000000D+00
            0.50000000000000D+00 -0.25000000000000D+00  0.50000000000000D+00
            0.49995563244920D-11  0.00000000000000D+00  0.25000000000000D+00
            0.49995563244920D-11  0.00000000000000D+00 -0.25000000000000D+00
            0.49995563244920D-11  0.50000000000000D+00  0.25000000000000D+00
            0.49995563244920D-11  0.50000000000000D+00 -0.25000000000000D+00
            0.50000000000500D+00 -0.25000000000000D+00  0.25000000000000D+00
            0.50000000000500D+00 -0.25000000000000D+00 -0.25000000000000D+00
            0.50000000000500D+00  0.25000000000000D+00  0.25000000000000D+00
            0.50000000000500D+00  0.25000000000000D+00 -0.25000000000000D+00
    tolwfr  0.10000000000000D+01
   tphysel  0.00000000000000D+00
    tsmear  0.10000000000000D-01
     typat         2    2    2    2    2    2    2    2    2    2    2    2
                   2    2    2    2    1    1    1    1    1    1    1    1
                   1    1    1    1    1    1    1    1
       wtk  0.11111111111111D+00  0.22222222222222D+00  0.22222222222222D+00
            0.44444444444444D+00
      xred  0.11535352143580D+01  0.25000000000000D+00  0.50000000000000D+00
            0.11535352143580D+01  0.25000000000000D+00 -0.68422776578360D-48
            0.11535352143580D+01  0.75000000000000D+00  0.50000000000000D+00
            0.11535352143580D+01  0.75000000000000D+00  0.00000000000000D+00
            0.65353521435804D+00  0.17347234759768D-16  0.50000000000000D+00
            0.65353521435804D+00  0.17347234759768D-16 -0.51317082433770D-48
            0.65353521435804D+00  0.50000000000000D+00  0.50000000000000D+00
            0.65353521435804D+00  0.50000000000000D+00  0.17105694144590D-48
           -0.15353521435304D+00  0.25000000000000D+00  0.75000000000000D+00
           -0.15353521435304D+00  0.25000000000000D+00  0.25000000000000D+00
           -0.15353521435304D+00  0.75000000000000D+00  0.75000000000000D+00
           -0.15353521435304D+00  0.75000000000000D+00  0.25000000000000D+00
            0.34646478564696D+00  0.17347234759768D-16  0.75000000000000D+00
            0.34646478564696D+00  0.17347234759768D-16  0.25000000000000D+00
            0.34646478564696D+00  0.50000000000000D+00  0.75000000000000D+00
            0.34646478564696D+00  0.50000000000000D+00  0.25000000000000D+00
           -0.50609874503097D+00  0.25000000000000D+00  0.75000000000000D+00
           -0.50609874503097D+00  0.25000000000000D+00  0.25000000000000D+00
           -0.50609874503097D+00  0.75000000000000D+00  0.75000000000000D+00
           -0.50609874503097D+00  0.75000000000000D+00  0.25000000000000D+00
           -0.10060987450310D+01  0.17347234759768D-16  0.75000000000000D+00
           -0.10060987450310D+01  0.17347234759768D-16  0.25000000000000D+00
           -0.10060987450310D+01  0.50000000000000D+00  0.75000000000000D+00
           -0.10060987450310D+01  0.50000000000000D+00  0.25000000000000D+00
            0.15060987450360D+01  0.25000000000000D+00  0.50000000000000D+00
            0.15060987450360D+01  0.25000000000000D+00  0.13684555315672D-47
            0.15060987450360D+01  0.75000000000000D+00  0.50000000000000D+00
            0.15060987450360D+01  0.75000000000000D+00  0.00000000000000D+00
            0.20060987450360D+01  0.17347234759768D-16  0.50000000000000D+00
            0.20060987450360D+01  0.17347234759768D-16 -0.51317082433770D-48
            0.20060987450360D+01  0.50000000000000D+00  0.50000000000000D+00
            0.20060987450360D+01  0.50000000000000D+00  0.11973985901213D-47
     znucl  0.70000000000000D+01  0.13000000000000D+02
      zion  0.50000000000000D+01  0.70000000000000D+01
 
 No information on the potentials yet 
 
 **** Database of total energy derivatives ****
 Number of data blocks=    2
  
 1st derivatives              - # elements :         102
     1     1  0.44953715632718D-04  0.00000000000000D+00
     2     1 -0.25637979419683D-29  0.00000000000000D+00
     3     1 -0.28596207814262D-28  0.00000000000000D+00
     1     2  0.44953715632718D-04  0.00000000000000D+00
     2     2 -0.19721522630525D-29  0.00000000000000D+00
     3     2  0.00000000000000D+00  0.00000000000000D+00
     1     3  0.44953715632718D-04  0.00000000000000D+00
     2     3  0.21693674893578D-29  0.00000000000000D+00
     3     3  0.15185572425504D-28  0.00000000000000D+00
     1     4  0.44953715632718D-04  0.00000000000000D+00
     2     4  0.00000000000000D+00  0.00000000000000D+00
     3     4  0.12523166870384D-28  0.00000000000000D+00
     1     5  0.44953715632718D-04  0.00000000000000D+00
     2     5  0.00000000000000D+00  0.00000000000000D+00
     3     5 -0.28004562135346D-28  0.00000000000000D+00
     1     6  0.44953715632718D-04  0.00000000000000D+00
     2     6  0.23665827156630D-29  0.00000000000000D+00
     3     6 -0.19622915017373D-28  0.00000000000000D+00
     1     7  0.44953715632718D-04  0.00000000000000D+00
     2     7  0.00000000000000D+00  0.00000000000000D+00
     3     7 -0.18538231272694D-28  0.00000000000000D+00
     1     8  0.44953715632718D-04  0.00000000000000D+00
     2     8  0.27610131682735D-29  0.00000000000000D+00
     3     8 -0.25711935129547D-28  0.00000000000000D+00
     1     9 -0.44953715632718D-04  0.00000000000000D+00
     2     9  0.00000000000000D+00  0.00000000000000D+00
     3     9 -0.15777218104420D-28  0.00000000000000D+00
     1    10 -0.44953715632718D-04  0.00000000000000D+00
     2    10  0.13805065841368D-29  0.00000000000000D+00
     3    10 -0.12424559257231D-28  0.00000000000000D+00
     1    11 -0.44953715632718D-04  0.00000000000000D+00
     2    11  0.41415197524103D-29  0.00000000000000D+00
     3    11 -0.28398992587956D-28  0.00000000000000D+00
     1    12 -0.44953715632718D-04  0.00000000000000D+00
     2    12  0.33526588471893D-29  0.00000000000000D+00
     3    12 -0.37865323450609D-28  0.00000000000000D+00
     1    13 -0.44953715632718D-04  0.00000000000000D+00
     2    13  0.00000000000000D+00  0.00000000000000D+00
     3    13  0.31554436208840D-29  0.00000000000000D+00
     1    14 -0.44953715632718D-04  0.00000000000000D+00
     2    14 -0.13805065841368D-29  0.00000000000000D+00
     3    14 -0.11832913578315D-28  0.00000000000000D+00
     1    15 -0.44953715632718D-04  0.00000000000000D+00
     2    15  0.00000000000000D+00  0.00000000000000D+00
     3    15  0.18932661725304D-28  0.00000000000000D+00
     1    16 -0.44953715632718D-04  0.00000000000000D+00
     2    16  0.00000000000000D+00  0.00000000000000D+00
     3    16  0.61136720154628D-29  0.00000000000000D+00
     1    17  0.17401702062653D-04  0.00000000000000D+00
     2    17  0.00000000000000D+00  0.00000000000000D+00
     3    17  0.51275958839366D-29  0.00000000000000D+00
     1    18  0.17401702062653D-04  0.00000000000000D+00
     2    18  0.11339875512552D-29  0.00000000000000D+00
     3    18  0.30568360077314D-29  0.00000000000000D+00
     1    19  0.17401702062653D-04  0.00000000000000D+00
     2    19  0.00000000000000D+00  0.00000000000000D+00
     3    19  0.00000000000000D+00  0.00000000000000D+00
     1    20  0.17401702062653D-04  0.00000000000000D+00
     2    20  0.00000000000000D+00  0.00000000000000D+00
     3    20  0.13805065841368D-29  0.00000000000000D+00
     1    21  0.17401702062653D-04  0.00000000000000D+00
     2    21  0.10846837446789D-29  0.00000000000000D+00
     3    21  0.00000000000000D+00  0.00000000000000D+00
     1    22  0.17401702062653D-04  0.00000000000000D+00
     2    22 -0.14791141972894D-29  0.00000000000000D+00
     3    22  0.00000000000000D+00  0.00000000000000D+00
     1    23  0.17401702062653D-04  0.00000000000000D+00
     2    23  0.00000000000000D+00  0.00000000000000D+00
     3    23 -0.11832913578315D-29  0.00000000000000D+00
     1    24  0.17401702062653D-04  0.00000000000000D+00
     2    24  0.00000000000000D+00  0.00000000000000D+00
     3    24  0.00000000000000D+00  0.00000000000000D+00
     1    25 -0.17401702062653D-04  0.00000000000000D+00
     2    25  0.00000000000000D+00  0.00000000000000D+00
     3    25  0.35498740734946D-29  0.00000000000000D+00
     1    26 -0.17401702062653D-04  0.00000000000000D+00
     2    26  0.00000000000000D+00  0.00000000000000D+00
     3    26  0.10846837446789D-29  0.00000000000000D+00
     1    27 -0.17401702062653D-04  0.00000000000000D+00
     2    27 -0.10846837446789D-29  0.00000000000000D+00
     3    27  0.00000000000000D+00  0.00000000000000D+00
     1    28 -0.17401702062653D-04  0.00000000000000D+00
     2    28  0.10846837446789D-29  0.00000000000000D+00
     3    28  0.00000000000000D+00  0.00000000000000D+00
     1    29 -0.17401702062653D-04  0.00000000000000D+00
     2    29  0.00000000000000D+00  0.00000000000000D+00
     3    29  0.35498740734946D-29  0.00000000000000D+00
     1    30 -0.17401702062653D-04  0.00000000000000D+00
     2    30  0.00000000000000D+00  0.00000000000000D+00
     3    30  0.48564249477669D-29  0.00000000000000D+00
     1    31 -0.17401702062653D-04  0.00000000000000D+00
     2    31  0.00000000000000D+00  0.00000000000000D+00
     3    31  0.00000000000000D+00  0.00000000000000D+00
     1    32 -0.17401702062653D-04  0.00000000000000D+00
     2    32 -0.10846837446789D-29  0.00000000000000D+00
     3    32  0.30075322011551D-29  0.00000000000000D+00
     1    35 -0.17384658219678D-02  0.00000000000000D+00
     2    35 -0.13181899615478D-02  0.00000000000000D+00
     3    35 -0.52223058044606D-03  0.00000000000000D+00
     1    36  0.00000000000000D+00  0.00000000000000D+00
     2    36  0.00000000000000D+00  0.00000000000000D+00
     3    36  0.00000000000000D+00  0.00000000000000D+00
  
 Total energy                 - # elements :           1
 -0.41596004718299D+03  0.00000000000000D+00
